Site,Generated,Fetched,Not Modified,Gone,Redirect Temp,Redirect Perm,Retry,Repr Fetched,Repr Not Modified,Repr Gone,Repr Redir Temp,Repr Rdir Perm,Repr Retry,Not Attempted,Http 403,Http 500,Http 503,Http other errors,Read timed out,Connection timed out,Connection reset,Connection refused,UnknownHostException,EOF Exceptions,Other Java Exceptions,Parsed,Parse Error,Parse Success,content size,Average Response Time, fetch Speed (bytes/sec)
bengali.allwonders.com,2,2,0,0,0,0,0,0,0,0,0,0,0,0,0,0,0,0,0,0,0,0,0,0,0,2,0,2,116053,0.0,61.89
ghorafera.blogspot.in,1,1,0,0,0,0,0,0,0,0,0,0,0,0,0,0,0,0,0,0,0,0,0,0,0,1,0,1,244337,0.0,160.6
wikimediafoundation.org,1,0,0,0,0,0,1,0,0,0,0,0,0,0,0,0,0,0,0,0,0,0,0,0,1,0,0,0,0,0.0,0.0
www.cabinet.gov.bd,2,2,0,0,0,0,0,0,0,0,0,0,0,0,0,0,0,0,0,0,0,0,0,0,0,2,0,2,119432,0.0,18.17
www.dailykhowai.com,1,1,0,0,0,0,0,0,0,0,0,0,0,0,0,0,0,0,0,0,0,0,0,0,0,1,0,1,24709,0.0,17.88
www.studygs.net,10,10,0,0,0,0,0,0,0,0,0,0,0,0,0,0,0,0,0,0,0,0,0,0,0,10,0,10,229255,0.0,149.98
www.ukbengali.com,13,13,0,0,0,0,0,0,0,0,0,0,0,0,0,0,0,0,0,0,0,0,0,0,0,13,0,13,411842,0.0,284.42
baglasex01.blogspot.in,1,0,0,0,1,0,0,0,0,0,0,0,0,0,0,0,0,0,0,0,0,0,0,0,0,0,0,0,257,0.0,68.79
banglanews24.com,2,0,0,0,0,2,0,0,0,0,0,0,0,0,0,0,0,0,0,0,0,0,0,0,0,0,0,0,0,0.0,0.0
ddinajpur.nic.in,1,1,0,0,0,0,0,0,0,0,0,0,0,0,0,0,0,0,0,0,0,0,0,0,0,1,0,1,81165,0.0,16.54
ei-somoy.com,1,1,0,0,0,0,0,0,0,0,0,0,0,0,0,0,0,0,0,0,0,0,0,0,0,1,0,1,118079,0.0,86.53
epaper.ittefaq.com.bd,1,1,0,0,0,0,0,0,0,0,0,0,0,0,0,0,0,0,0,0,0,0,0,0,0,1,0,1,40430,0.0,8.24
etabetapi.com,1,1,0,0,0,0,0,0,0,0,0,0,0,0,0,0,0,0,0,0,0,0,0,0,0,1,0,1,21869,0.0,12.17
mzamin.com,1,1,0,0,0,0,0,0,0,0,0,0,0,0,0,0,0,0,0,0,0,0,0,0,0,1,0,1,71530,0.0,154.98
rakomari.blogspot.in,11,11,0,0,0,0,0,0,0,0,0,0,0,0,0,0,0,0,0,0,0,0,0,0,0,11,0,11,1730027,0.0,1348.18
rebelwithadestiny.com,21,0,0,21,0,0,0,0,0,0,0,0,0,0,0,0,0,0,0,0,0,0,0,0,0,0,0,0,0,0.0,0.0
www.anandabazar.com,60,52,0,0,0,1,7,0,0,0,0,0,0,0,0,0,0,0,0,0,0,0,0,0,7,52,0,52,5717858,0.0,4088.62
www.chintaa.com,1,1,0,0,0,0,0,0,0,0,0,0,0,0,0,0,0,0,0,0,0,0,0,0,0,1,0,1,758446,0.0,428.17
www.comillaweb.com,1,1,0,0,0,0,0,0,0,0,0,0,0,0,0,0,0,0,0,0,0,0,0,0,0,1,0,1,143432,0.0,74.48
adnan.quaium.com,1,1,0,0,0,0,0,0,0,0,0,0,0,0,0,0,0,0,0,0,0,0,0,0,0,1,0,1,108697,0.0,54.35
akib-photo.blogspot.in,1,1,0,0,0,0,0,0,0,0,0,0,0,0,0,0,0,0,0,0,0,0,0,0,0,1,0,1,121790,0.0,578.47
amibangladeshi.blogspot.in,2,2,0,0,0,0,0,0,0,0,0,0,0,0,0,0,0,0,0,0,0,0,0,0,0,2,0,2,413692,0.0,254.78
bangla.vishwahindusamaj.com,1,1,0,0,0,0,0,0,0,0,0,0,0,0,0,0,0,0,0,0,0,0,0,0,0,1,0,1,91216,0.0,11.15
bn.globalvoicesonline.org,1,0,0,0,0,1,0,0,0,0,0,0,0,0,0,0,0,0,0,0,0,0,0,0,0,0,0,0,178,0.0,0.34
bn.wiktionary.org,3,0,0,0,0,0,3,0,0,0,0,0,0,0,0,0,0,0,0,0,0,0,0,0,3,0,0,0,0,0.0,0.0
bnwebtools.sourceforge.net,1,1,0,0,0,0,0,0,0,0,0,0,0,0,0,0,0,0,0,0,0,0,0,0,0,1,0,1,26385,0.0,19.09
bris.lgd.gov.bd,1,0,0,1,0,0,0,0,0,0,0,0,0,0,0,0,0,0,0,0,0,0,0,0,0,0,0,0,0,0.0,0.0
razibvromon.blogspot.in,10,10,0,0,0,0,0,0,0,0,0,0,0,0,0,0,0,0,0,0,0,0,0,0,0,10,0,10,2835271,0.0,7604.59
writebangla.com,1,1,0,0,0,0,0,0,0,0,0,0,0,0,0,0,0,0,0,0,0,0,0,0,0,1,0,1,11787,0.0,27.21
www.bbc.co.uk,44,0,0,0,0,44,0,0,0,0,0,0,0,0,0,0,0,0,0,0,0,0,0,0,0,0,0,0,12128,0.0,9.89
www.infokosh.gov.bd,1,1,0,0,0,0,0,0,0,0,0,0,0,0,0,0,0,0,0,0,0,0,0,0,0,1,0,1,49976,0.0,38.34
www.pkb.gov.bd,1,1,0,0,0,0,0,0,0,0,0,0,0,0,0,0,0,0,0,0,0,0,0,0,0,1,0,1,52624,0.0,15.21
www.pmo.gov.bd,2,2,0,0,0,0,0,0,0,0,0,0,0,0,0,0,0,0,0,0,0,0,0,0,0,2,0,2,93718,0.0,6.2
www.tagoreweb.in,1,1,0,0,0,0,0,0,0,0,0,0,0,0,0,0,0,0,0,0,0,0,0,0,0,1,0,1,16066,0.0,8.36
bangla-blog.blogspot.in,1,1,0,0,0,0,0,0,0,0,0,0,0,0,0,0,0,0,0,0,0,0,0,0,0,1,0,1,37985,0.0,10167.29
mukhomukhi.com,2,2,0,0,0,0,0,0,0,0,0,0,0,0,0,0,0,0,0,0,0,0,0,0,0,2,0,2,59803,0.0,29.81
sonalisangbad.com,1,1,0,0,0,0,0,0,0,0,0,0,0,0,0,0,0,0,0,0,0,0,0,0,0,1,0,1,68350,0.0,11.9
www.amaderchhuti.com,32,32,0,0,0,0,0,0,0,0,0,0,0,0,0,0,0,0,0,0,0,0,0,0,0,32,0,32,1732602,0.0,1203.95
www.bbcjanala.com,5,5,0,0,0,0,0,0,0,0,0,0,0,0,0,0,0,0,0,0,0,0,0,0,0,5,0,5,120217,0.0,61.85
www.chandpur-kantho.com,1,1,0,0,0,0,0,0,0,0,0,0,0,0,0,0,0,0,0,0,0,0,0,0,0,1,0,1,99081,0.0,61.45
www.goldenbangladesh.com,1,1,0,0,0,0,0,0,0,0,0,0,0,0,0,0,0,0,0,0,0,0,0,0,0,1,0,1,75835,0.0,519.65
www.karatoa.com.bd,2,2,0,0,0,0,0,0,0,0,0,0,0,0,0,0,0,0,0,0,0,0,0,0,0,2,0,2,539296,0.0,244.02
www.mzamin.com,7,7,0,0,0,0,0,0,0,0,0,0,0,0,0,0,0,0,0,0,0,0,0,0,0,7,0,7,310399,0.0,55.23
www.vignanam.org,172,172,0,0,0,0,0,0,0,0,0,0,0,0,0,0,0,0,0,0,0,0,0,0,0,172,0,172,62258783,0.0,50047.66
allplantshere.blogspot.in,1,1,0,0,0,0,0,0,0,0,0,0,0,0,0,0,0,0,0,0,0,0,0,0,0,1,0,1,212799,0.0,163.34
bok-blog.blogspot.in,1,1,0,0,0,0,0,0,0,0,0,0,0,0,0,0,0,0,0,0,0,0,0,0,0,1,0,1,144289,0.0,73.19
m.eisamay.com,83,52,0,0,0,0,31,0,0,0,0,0,0,0,0,0,0,0,31,0,0,0,0,0,0,52,0,52,1783230,0.0,1622.2
nasrinjrani.blogspot.in,1,1,0,0,0,0,0,0,0,0,0,0,0,0,0,0,0,0,0,0,0,0,0,0,0,1,0,1,98130,0.0,348.07
www.doshdik.com,1,1,0,0,0,0,0,0,0,0,0,0,0,0,0,0,0,0,0,0,0,0,0,0,0,1,0,1,78843,0.0,173.81
www.gnu.org,1,1,0,0,0,0,0,0,0,0,0,0,0,0,0,0,0,0,0,0,0,0,0,0,0,1,0,1,62816,0.0,297.48
www.notundesh.com,1,1,0,0,0,0,0,0,0,0,0,0,0,0,0,0,0,0,0,0,0,0,0,0,0,1,0,1,37193,0.0,167.22
amaderchhuti.com,1,1,0,0,0,0,0,0,0,0,0,0,0,0,0,0,0,0,0,0,0,0,0,0,0,1,0,1,20713,0.0,11.36
lifestylearts.blogspot.in,26,26,0,0,0,0,0,0,0,0,0,0,0,0,0,0,0,0,0,0,0,0,0,0,0,26,0,26,2356080,0.0,7881.71
poilaparbon.anandabazar.com,1,1,0,0,0,0,0,0,0,0,0,0,0,0,0,0,0,0,0,0,0,0,0,0,0,1,0,1,42138,0.0,28.55
rupasibangla.blogspot.in,5,5,0,0,0,0,0,0,0,0,0,0,0,0,0,0,0,0,0,0,0,0,0,0,0,5,0,5,208129,0.0,889.43
www.alokitobangladesh.com,1,1,0,0,0,0,0,0,0,0,0,0,0,0,0,0,0,0,0,0,0,0,0,0,0,1,0,1,56896,0.0,128.19
www.biplobiderkotha.com,1,1,0,0,0,0,0,0,0,0,0,0,0,0,0,0,0,0,0,0,0,0,0,0,0,1,0,1,65747,0.0,42.64
agrani-rajkumar.blogspot.in,14,14,0,0,0,0,0,0,0,0,0,0,0,0,0,0,0,0,0,0,0,0,0,0,0,14,0,14,1822797,0.0,1129.15
aminsdu.blogspot.in,6,6,0,0,0,0,0,0,0,0,0,0,0,0,0,0,0,0,0,0,0,0,0,0,0,6,0,6,820226,0.0,377.31
chondon.wordpress.com,1,1,0,0,0,0,0,0,0,0,0,0,0,0,0,0,0,0,0,0,0,0,0,0,0,1,0,1,77481,0.0,254.63
dailyvorerpata.com,1,1,0,0,0,0,0,0,0,0,0,0,0,0,0,0,0,0,0,0,0,0,0,0,0,1,0,1,136460,0.0,26.67
royesoye.blogspot.in,74,74,0,0,0,0,0,0,0,0,0,0,0,0,0,0,0,0,0,0,0,0,0,0,0,74,0,74,10230079,0.0,23154.14
trust.prothom-alo.com,11,2,0,0,0,0,9,0,0,0,0,0,0,0,0,0,0,0,0,0,0,0,0,0,9,2,0,2,88101,0.0,15.92
www.alkawsar.com,1,1,0,0,0,0,0,0,0,0,0,0,0,0,0,0,0,0,0,0,0,0,0,0,0,1,0,1,241173,0.0,1684.47
www.bengalinux.org,4,4,0,0,0,0,0,0,0,0,0,0,0,0,0,0,0,0,0,0,0,0,0,0,0,4,0,4,26116,0.0,16.52
www.blogvani.com,2,2,0,0,0,0,0,0,0,0,0,0,0,0,0,0,0,0,0,0,0,0,0,0,0,2,0,2,282822,0.0,172.53
www.dailykalbela.com,1,1,0,0,0,0,0,0,0,0,0,0,0,0,0,0,0,0,0,0,0,0,0,0,0,1,0,1,77581,0.0,15.76
www.gpcic.org,6,6,0,0,0,0,0,0,0,0,0,0,0,0,0,0,0,0,0,0,0,0,0,0,0,6,0,6,115586,0.0,485.88
www.ittadibd.com,1,0,0,0,0,1,0,0,0,0,0,0,0,0,0,0,0,0,0,0,0,0,0,0,0,0,0,0,0,0.0,0.0
www.kaliokalam.com,84,5,0,0,0,0,79,0,0,0,0,0,0,0,0,0,0,0,0,0,0,0,0,0,79,5,0,5,205405,0.0,324.07
www.nishorga.com,44,6,0,0,0,0,38,0,0,0,0,0,0,0,0,0,0,0,0,0,0,0,0,0,38,6,0,6,352916,0.0,63.84
bn.globalvoices.org,0,0,0,0,0,0,0,0,0,0,0,0,0,0,0,0,0,0,0,0,0,0,0,0,0,0,0,0,0,0.0,0.0
thedailylifenews.com,1,1,0,0,0,0,0,0,0,0,0,0,0,0,0,0,0,0,0,0,0,0,0,0,0,1,0,1,119693,0.0,226.78
www.ali-mahmed.com,13,13,0,0,0,0,0,0,0,0,0,0,0,0,0,0,0,0,0,0,0,0,0,0,0,13,0,13,5263248,0.0,13916.9
www.amarboi.com,1,1,0,0,0,0,0,0,0,0,0,0,0,0,0,0,0,0,0,0,0,0,0,0,0,1,0,1,300847,0.0,574.06
www.at-tahreek.com,1,1,0,0,0,0,0,0,0,0,0,0,0,0,0,0,0,0,0,0,0,0,0,0,0,1,0,1,43351,0.0,8.73
www.dpe.gov.bd,1,1,0,0,0,0,0,0,0,0,0,0,0,0,0,0,0,0,0,0,0,0,0,0,0,1,0,1,49930,0.0,28.49
www.face-bangladesh.com,1,1,0,0,0,0,0,0,0,0,0,0,0,0,0,0,0,0,0,0,0,0,0,0,0,1,0,1,52868,0.0,176.13
www.mopme.gov.bd,1,1,0,0,0,0,0,0,0,0,0,0,0,0,0,0,0,0,0,0,0,0,0,0,0,1,0,1,52633,0.0,34.6
www.ntvbd.com,1,1,0,0,0,0,0,0,0,0,0,0,0,0,0,0,0,0,0,0,0,0,0,0,0,1,0,1,121993,0.0,65.36
www.prakashayatan.com,8,0,0,0,0,0,8,0,0,0,0,0,0,0,0,0,0,0,0,0,0,0,8,0,0,0,0,0,0,0.0,0.0
yousufsultan.com,1,1,0,0,0,0,0,0,0,0,0,0,0,0,0,0,0,0,0,0,0,0,0,0,0,1,0,1,343949,0.0,52.36
gamblingwithpolitics.blogspot.in,1,1,0,0,0,0,0,0,0,0,0,0,0,0,0,0,0,0,0,0,0,0,0,0,0,1,0,1,104832,0.0,85.59
jummapeoples.blogspot.in,5,5,0,0,0,0,0,0,0,0,0,0,0,0,0,0,0,0,0,0,0,0,0,0,0,5,0,5,1716366,0.0,1049.83
roychoudhurymanjusree.blogspot.in,10,10,0,0,0,0,0,0,0,0,0,0,0,0,0,0,0,0,0,0,0,0,0,0,0,10,0,10,1070780,0.0,214.9
stats.wikimedia.org,1,1,0,0,0,0,0,0,0,0,0,0,0,0,0,0,0,0,0,0,0,0,0,0,0,1,0,1,1243684,0.0,189.22
sukumarray.freehostia.com,1,1,0,0,0,0,0,0,0,0,0,0,0,0,0,0,0,0,0,0,0,0,0,0,0,1,0,1,473,0.0,1.59
www.ittefaq.com.bd,73,73,0,0,0,0,0,0,0,0,0,0,0,0,0,0,0,0,0,0,0,0,0,0,0,73,0,73,3229289,0.0,3040.35
www.snnbd.com,1,0,0,1,0,0,0,0,0,0,0,0,0,0,0,0,0,0,0,0,0,0,0,0,0,0,0,0,0,0.0,0.0
banglalife4u.blogspot.in,1,1,0,0,0,0,0,0,0,0,0,0,0,0,0,0,0,0,0,0,0,0,0,0,0,1,0,1,70927,0.0,36.91
banglalive.com,0,0,0,0,0,0,0,0,0,0,0,0,0,0,0,0,0,0,0,0,0,0,0,0,0,0,0,0,0,0.0,0.0
chilekothawebzine.blogspot.in,1,1,0,0,0,0,0,0,0,0,0,0,0,0,0,0,0,0,0,0,0,0,0,0,0,1,0,1,172196,0.0,164.98
uidai.gov.in,1,1,0,0,0,0,0,0,0,0,0,0,0,0,0,0,0,0,0,0,0,0,0,0,0,1,0,1,22749,0.0,13.98
www.charbelachardik.net,1,1,0,0,0,0,0,0,0,0,0,0,0,0,0,0,0,0,0,0,0,0,0,0,0,1,0,1,48875,0.0,22.19
www.farmhouse-bd.com,2,2,0,0,0,0,0,0,0,0,0,0,0,0,0,0,0,0,0,0,0,0,0,0,0,2,0,2,60097,0.0,277.41
www.japanbangladesh.com,2,2,0,0,0,0,0,0,0,0,0,0,0,0,0,0,0,0,0,0,0,0,0,0,0,2,0,2,126891,0.0,67.34
www.ntm.org.in,13,13,0,0,0,0,0,0,0,0,0,0,0,0,0,0,0,0,0,0,0,0,0,0,0,13,0,13,363951,0.0,64.76
www.omniglot.com,1,1,0,0,0,0,0,0,0,0,0,0,0,0,0,0,0,0,0,0,0,0,0,0,0,1,0,1,33720,0.0,64.38
www.sachalayatan.com,543,502,0,11,0,0,30,0,0,0,0,0,0,0,0,0,0,0,1,0,0,0,0,0,29,502,0,502,36735748,0.0,5657.58
www.socolzahid.blogspot.ca,1,1,0,0,0,0,0,0,0,0,0,0,0,0,0,0,0,0,0,0,0,0,0,0,0,1,0,1,172127,0.0,126.85
www.somewhereinblog.net,9913,9767,0,138,1,4,3,0,0,0,0,0,0,0,0,0,0,0,2,0,0,0,0,0,0,9767,0,9767,801398349,0.0,13448.38
yourlanguage.hepcinfo.ca,9,9,0,0,0,0,0,0,0,0,0,0,0,0,0,0,0,0,0,0,0,0,0,0,0,9,0,9,145396,0.0,25.32
allanimalshere.blogspot.in,4,4,0,0,0,0,0,0,0,0,0,0,0,0,0,0,0,0,0,0,0,0,0,0,0,4,0,4,504721,0.0,91.2
jonantik.wordpress.com,2,1,0,0,0,0,1,0,0,0,0,0,0,0,0,0,0,0,0,0,0,0,0,0,1,1,0,1,72566,0.0,7424.39
kksongs.org,5,5,0,0,0,0,0,0,0,0,0,0,0,0,0,0,0,0,0,0,0,0,0,0,0,5,0,5,107600,0.0,2.61
najmulalbab.blogspot.in,50,50,0,0,0,0,0,0,0,0,0,0,0,0,0,0,0,0,0,0,0,0,0,0,0,50,0,50,5787339,0.0,1029.84
sloganditegiye.blogspot.in,9,9,0,0,0,0,0,0,0,0,0,0,0,0,0,0,0,0,0,0,0,0,0,0,0,9,0,9,954433,0.0,166.2
souvikghoshal1977.blogspot.in,1,1,0,0,0,0,0,0,0,0,0,0,0,0,0,0,0,0,0,0,0,0,0,0,0,1,0,1,273285,0.0,613.35
www.cadetcollegeblog.com,428,422,0,0,0,1,5,0,0,0,0,0,0,0,0,0,0,0,0,0,0,0,0,0,5,422,0,422,46110106,0.0,11353.76
www.jamaat-e-islami.org,1,1,0,0,0,0,0,0,0,0,0,0,0,0,0,0,0,0,0,0,0,0,0,0,0,1,0,1,69684,0.0,47.33
www.rcpsych.ac.uk,10,10,0,0,0,0,0,0,0,0,0,0,0,0,0,0,0,0,0,0,0,0,0,0,0,10,0,10,1619472,0.0,1176.66
anupsadi.blogspot.in,1,1,0,0,0,0,0,0,0,0,0,0,0,0,0,0,0,0,0,0,0,0,0,0,0,1,0,1,226343,0.0,42.41
portal.ukbengali.com,1,1,0,0,0,0,0,0,0,0,0,0,0,0,0,0,0,0,0,0,0,0,0,0,0,1,0,1,73571,0.0,38.29
www.ajmakkas.com,1,1,0,0,0,0,0,0,0,0,0,0,0,0,0,0,0,0,0,0,0,0,0,0,0,1,0,1,4252,0.0,9.64
www.dshe.gov.bd,1,1,0,0,0,0,0,0,0,0,0,0,0,0,0,0,0,0,0,0,0,0,0,0,0,1,0,1,25179,0.0,17.32
www.moa.gov.bd,1,1,0,0,0,0,0,0,0,0,0,0,0,0,0,0,0,0,0,0,0,0,0,0,0,1,0,1,54092,0.0,121.55
www.natunbarta.com,1,1,0,0,0,0,0,0,0,0,0,0,0,0,0,0,0,0,0,0,0,0,0,0,0,1,0,1,66038,0.0,12.9
mynewspapercut.blogspot.in,31,31,0,0,0,0,0,0,0,0,0,0,0,0,0,0,0,0,0,0,0,0,0,0,0,31,0,31,8069371,0.0,18941.39
skrokon.blogspot.in,11,11,0,0,0,0,0,0,0,0,0,0,0,0,0,0,0,0,0,0,0,0,0,0,0,11,0,11,873759,0.0,473.26
tamalbose83.blogspot.in,22,22,0,0,0,0,0,0,0,0,0,0,0,0,0,0,0,0,0,0,0,0,0,0,0,22,0,22,4043493,0.0,188.75
thebengalitimes.com,1,0,0,0,0,1,0,0,0,0,0,0,0,0,0,0,0,0,0,0,0,0,0,0,0,0,0,0,308,0.0,1.03
wp.ekrishok.com,1,1,0,0,0,0,0,0,0,0,0,0,0,0,0,0,0,0,0,0,0,0,0,0,0,1,0,1,49242,0.0,9.89
www.hajj.gov.bd,1,1,0,0,0,0,0,0,0,0,0,0,0,0,0,0,0,0,0,0,0,0,0,0,0,1,0,1,49474,0.0,24.7
www.mocat.gov.bd,67,0,0,67,0,0,0,0,0,0,0,0,0,0,0,0,0,0,0,0,0,0,0,0,0,0,0,0,0,0.0,0.0
www.risingbd.com,9,9,0,0,0,0,0,0,0,0,0,0,0,0,0,0,0,0,0,0,0,0,0,0,0,9,0,9,712893,0.0,377.92
www.thebengalitimes.com,1,1,0,0,0,0,0,0,0,0,0,0,0,0,0,0,0,0,0,0,0,0,0,0,0,1,0,1,105747,0.0,48.52
bangla.bdjobs.com,4,0,0,4,0,0,0,0,0,0,0,0,0,0,0,0,0,0,0,0,0,0,0,0,0,0,0,0,0,0.0,0.0
bdtravelnews.com,218,31,0,0,0,0,187,0,0,0,0,0,0,0,0,0,0,0,0,0,0,0,0,0,187,31,0,31,4615375,0.0,3710.16
blogs.eisamay.indiatimes.com,68,58,0,0,0,0,10,0,0,0,0,0,0,0,0,0,0,0,0,0,0,0,0,0,10,58,0,58,9274168,0.0,11245.57
forum.amaderprojukti.com,4,4,0,0,0,0,0,0,0,0,0,0,0,0,0,0,0,0,0,0,0,0,0,0,0,4,0,4,165211,0.0,76.36
recipe.amardesh.com,41,41,0,0,0,0,0,0,0,0,0,0,0,0,0,0,0,0,0,0,0,0,0,0,0,41,0,41,1631532,0.0,1331.34
sd510.blogspot.in,25,25,0,0,0,0,0,0,0,0,0,0,0,0,0,0,0,0,0,0,0,0,0,0,0,25,0,25,3528526,0.0,690.3
thedailysangbad.com,63,62,0,0,0,0,1,0,0,0,0,0,0,0,0,0,0,0,1,0,0,0,0,0,0,62,0,62,3371641,0.0,1927.15
travelclubbengali.blogspot.in,1,1,0,0,0,0,0,0,0,0,0,0,0,0,0,0,0,0,0,0,0,0,0,0,0,1,0,1,182608,0.0,104.17
ukbengali.com,15,15,0,0,0,0,0,0,0,0,0,0,0,0,0,0,0,0,0,0,0,0,0,0,0,15,0,15,555647,0.0,453.14
www.bhashaindia.com,11,11,0,0,0,0,0,0,0,0,0,0,0,0,0,0,0,0,0,0,0,0,0,0,0,11,0,11,1218191,0.0,212.19
www.radio.shapludu.com,1,1,0,0,0,0,0,0,0,0,0,0,0,0,0,0,0,0,0,0,0,0,0,0,0,1,0,1,34058,0.0,78.45
www.sylhetnews24.com,3,3,0,0,0,0,0,0,0,0,0,0,0,0,0,0,0,0,0,0,0,0,0,0,0,3,0,3,95530,0.0,57.81
www.thedailysangbad.com,182,182,0,0,0,0,0,0,0,0,0,0,0,0,0,0,0,0,0,0,0,0,0,0,0,182,0,182,10207517,0.0,9602.19
www.unicode.org,1,1,0,0,0,0,0,0,0,0,0,0,0,0,0,0,0,0,0,0,0,0,0,0,0,1,0,1,13696,0.0,6.85
bangla.khabar.io,7,7,0,0,0,0,0,0,0,0,0,0,0,0,0,0,0,0,0,0,0,0,0,0,0,7,0,7,184135,0.0,262.55
bengali.mapsofindia.com,3,3,0,0,0,0,0,0,0,0,0,0,0,0,0,0,0,0,0,0,0,0,0,0,0,3,0,3,172713,0.0,557.67
jessore.info,8,6,0,0,0,0,2,0,0,0,0,0,0,0,0,2,0,0,0,0,0,0,0,0,0,6,0,6,178866,0.0,1198.71
motikontho.wordpress.com,2,1,0,0,0,0,1,0,0,0,0,0,0,0,0,0,0,0,0,0,0,0,0,0,1,1,0,1,100661,0.0,60.39
railway.portal.gov.bd,12,12,0,0,0,0,0,0,0,0,0,0,0,0,0,0,0,0,0,0,0,0,0,0,0,12,0,12,510966,0.0,1916.64
shashwatiki.mywibes.com,1,1,0,0,0,0,0,0,0,0,0,0,0,0,0,0,0,0,0,0,0,0,0,0,0,1,0,1,26382,0.0,13.71
support.gpcic.org,3,3,0,0,0,0,0,0,0,0,0,0,0,0,0,0,0,0,0,0,0,0,0,0,0,3,0,3,27977,0.0,187.2
trkmhd.wordpress.com,39,12,0,0,0,0,27,0,0,0,0,0,0,0,0,0,0,0,0,0,0,0,0,0,27,12,0,12,632170,0.0,110.07
wahedsujan.com,1,1,0,0,0,0,0,0,0,0,0,0,0,0,0,0,0,0,0,0,0,0,0,0,0,1,0,1,34557,0.0,28.17
www.bbc.com,0,0,0,0,0,0,0,0,0,0,0,0,0,0,0,0,0,0,0,0,0,0,0,0,0,0,0,0,0,0.0,0.0
www.karnika.co.in,1,0,0,1,0,0,0,0,0,0,0,0,0,0,0,0,0,0,0,0,0,0,0,0,0,0,0,0,0,0.0,0.0
bengali.cri.cn,4376,4371,0,0,0,0,5,0,0,0,0,0,0,0,0,0,0,0,3,0,1,0,0,0,0,4371,0,4371,81814562,0.0,3310.0
bn.wikibooks.org,1,0,0,0,0,0,1,0,0,0,0,0,0,0,0,0,0,0,0,0,0,0,0,0,1,0,0,0,0,0.0,0.0
lekho.sourceforge.net,1,1,0,0,0,0,0,0,0,0,0,0,0,0,0,0,0,0,0,0,0,0,0,0,0,1,0,1,11903,0.0,27.09
ononto.blogspot.in,1,1,0,0,0,0,0,0,0,0,0,0,0,0,0,0,0,0,0,0,0,0,0,0,0,1,0,1,51592,0.0,27.62
shabarchive.blogspot.in,11,11,0,0,0,0,0,0,0,0,0,0,0,0,0,0,0,0,0,0,0,0,0,0,0,11,0,11,1129166,0.0,1373.49
www.aajkaal.net,9,0,0,9,0,0,0,0,0,0,0,0,0,0,0,0,0,0,0,0,0,0,0,0,0,0,0,0,0,0.0,0.0
www.amarblog.com,1,1,0,0,0,0,0,0,0,0,0,0,0,0,0,0,0,0,0,0,0,0,0,0,0,1,0,1,65996,0.0,54.12
www.mediawiki.org,1,0,0,0,0,1,0,0,0,0,0,0,0,0,0,0,0,0,0,0,0,0,0,0,0,0,0,0,0,0.0,0.0
www.shapludu.com,63,63,0,0,0,0,0,0,0,0,0,0,0,0,0,0,0,0,0,0,0,0,0,0,0,63,0,63,1276122,0.0,711.43
bangalabhasha.blogspot.in,19,19,0,0,0,0,0,0,0,0,0,0,0,0,0,0,0,0,0,0,0,0,0,0,0,19,0,19,1569281,0.0,1304.44
nobbotrekker.blogspot.in,8,8,0,0,0,0,0,0,0,0,0,0,0,0,0,0,0,0,0,0,0,0,0,0,0,8,0,8,171089,0.0,91.9
shokalerkhobor24.com,1,1,0,0,0,0,0,0,0,0,0,0,0,0,0,0,0,0,0,0,0,0,0,0,0,1,0,1,627876,0.0,109.37
www.addaghar.com,1,1,0,0,0,0,0,0,0,0,0,0,0,0,0,0,0,0,0,0,0,0,0,0,0,1,0,1,2145,0.0,1.1
www.amardeshonline.com,2,2,0,0,0,0,0,0,0,0,0,0,0,0,0,0,0,0,0,0,0,0,0,0,0,2,0,2,83508,0.0,16.81
www.projuktiteam.com,1,1,0,0,0,0,0,0,0,0,0,0,0,0,0,0,0,0,0,0,0,0,0,0,0,1,0,1,163232,0.0,89.23
zeenews.india.com,6,6,0,0,0,0,0,0,0,0,0,0,0,0,0,0,0,0,0,0,0,0,0,0,0,6,0,6,486255,0.0,396.64
blog.comjagat.com,1,1,0,0,0,0,0,0,0,0,0,0,0,0,0,0,0,0,0,0,0,0,0,0,0,1,0,1,46178,0.0,9.38
chotispot.blogspot.in,9,9,0,0,0,0,0,0,0,0,0,0,0,0,0,0,0,0,0,0,0,0,0,0,0,9,0,9,1840722,0.0,89.52
dhadharu.appspot.com,5,0,0,0,0,0,5,0,0,0,0,0,0,0,0,5,0,0,0,0,0,0,0,0,0,0,0,0,0,0.0,0.0
events.amardesh.com,50,50,0,0,0,0,0,0,0,0,0,0,0,0,0,0,0,0,0,0,0,0,0,0,0,50,0,50,3375820,0.0,2595.95
tothakothito.blogspot.in,14,14,0,0,0,0,0,0,0,0,0,0,0,0,0,0,0,0,0,0,0,0,0,0,0,14,0,14,2751759,0.0,1998.56
vinabangla.blogspot.in,9,9,0,0,0,0,0,0,0,0,0,0,0,0,0,0,0,0,0,0,0,0,0,0,0,9,0,9,1166681,0.0,865.73
www.a2i.gov.bd,1,0,0,1,0,0,0,0,0,0,0,0,0,0,0,0,0,0,0,0,0,0,0,0,0,0,0,0,0,0.0,0.0
www.channel24bd.tv,1,1,0,0,0,0,0,0,0,0,0,0,0,0,0,0,0,0,0,0,0,0,0,0,0,1,0,1,232310,0.0,1622.36
www.ebook.gov.bd,3,3,0,0,0,0,0,0,0,0,0,0,0,0,0,0,0,0,0,0,0,0,0,0,0,3,0,3,19925,0.0,12.06
www.molwa.gov.bd,1,1,0,0,0,0,0,0,0,0,0,0,0,0,0,0,0,0,0,0,0,0,0,0,0,1,0,1,68738,0.0,49.07
www.sangbadpratidin.in,1,1,0,0,0,0,0,0,0,0,0,0,0,0,0,0,0,0,0,0,0,0,0,0,0,1,0,1,73825,0.0,3357.51
quiz.webdunia.com,71,71,0,0,0,0,0,0,0,0,0,0,0,0,0,0,0,0,0,0,0,0,0,0,0,71,0,71,2410132,0.0,2625.81
www.guruchandali.com,151,150,0,1,0,0,0,0,0,0,0,0,0,0,0,0,0,0,0,0,0,0,0,0,0,150,0,150,11778653,0.0,1791.77
www.nhk.or.jp,1,1,0,0,0,0,0,0,0,0,0,0,0,0,0,0,0,0,0,0,0,0,0,0,0,1,0,1,16257,0.0,2.47
lib.pmo.gov.bd,4,4,0,0,0,0,0,0,0,0,0,0,0,0,0,0,0,0,0,0,0,0,0,0,0,4,0,4,239983,0.0,364.4
parjatan.portal.gov.bd,1,1,0,0,0,0,0,0,0,0,0,0,0,0,0,0,0,0,0,0,0,0,0,0,0,1,0,1,71136,0.0,58.05
www.agrobangla.com,1,1,0,0,0,0,0,0,0,0,0,0,0,0,0,0,0,0,0,0,0,0,0,0,0,1,0,1,20308,0.0,19.04
www.bcstest.com,1,1,0,0,0,0,0,0,0,0,0,0,0,0,0,0,0,0,0,0,0,0,0,0,0,1,0,1,34347,0.0,78.04
www.dailydeshbangla.com,1,0,0,0,0,0,1,0,0,0,0,0,0,0,0,0,0,0,0,0,0,0,0,0,0,0,0,0,0,0.0,0.0
www.dailyinqilab.com,1,1,0,0,0,0,0,0,0,0,0,0,0,0,0,0,0,0,0,0,0,0,0,0,0,1,0,1,295965,0.0,177.99
www.janatabank-bd.com,1,1,0,0,0,0,0,0,0,0,0,0,0,0,0,0,0,0,0,0,0,0,0,0,0,1,0,1,157945,0.0,145.46
www.prothom-alo.com,1991,171,0,1,0,0,1819,0,0,0,0,0,0,0,0,0,0,0,11,0,0,0,0,0,1808,171,0,171,17042185,0.0,1572.91
www.sangbad.com.bd,192,192,0,0,0,0,0,0,0,0,0,0,0,0,0,0,0,0,0,0,0,0,0,0,0,192,0,192,10369138,0.0,9542.06
www.shilpaoshilpi.com,1,1,0,0,0,0,0,0,0,0,0,0,0,0,0,0,0,0,0,0,0,0,0,0,0,1,0,1,59029,0.0,9156.04
www.touristguide24.com,2,2,0,0,0,0,0,0,0,0,0,0,0,0,0,0,0,0,0,0,0,0,0,0,0,2,0,2,215540,0.0,488.8
bn.picjoke.net,1,1,0,0,0,0,0,0,0,0,0,0,0,0,0,0,0,0,0,0,0,0,0,0,0,1,0,1,67853,0.0,45.31
bn.wikisource.org,2,0,0,0,0,0,2,0,0,0,0,0,0,0,0,0,0,0,0,0,0,0,0,0,2,0,0,0,0,0.0,0.0
commons.wikimedia.org,1,0,0,0,0,1,0,0,0,0,0,0,0,0,0,0,0,0,0,0,0,0,0,0,0,0,0,0,0,0.0,0.0
emani85.wordpress.com,229,119,0,0,0,0,110,0,0,0,0,0,0,0,0,0,0,0,0,0,0,0,0,0,110,119,0,119,14693605,0.0,9373.67
kholaajanlaa.blogspot.in,15,15,0,0,0,0,0,0,0,0,0,0,0,0,0,0,0,0,0,0,0,0,0,0,0,15,0,15,1185983,0.0,968.12
mohinersaguguli.wordpress.com,1,0,0,0,0,0,1,0,0,0,0,0,0,0,0,0,0,0,0,0,0,0,0,0,1,0,0,0,0,0.0,0.0
mytoursinbengal.blogspot.in,1,1,0,0,0,0,0,0,0,0,0,0,0,0,0,0,0,0,0,0,0,0,0,0,0,1,0,1,242402,0.0,36.88
ovicdotnet.blogspot.in,3,3,0,0,0,0,0,0,0,0,0,0,0,0,0,0,0,0,0,0,0,0,0,0,0,3,0,3,281169,0.0,260.88
www.aadorernouka.in,1,0,0,0,0,0,1,0,0,0,0,0,0,0,0,0,0,0,0,0,0,0,0,0,1,0,0,0,0,0.0,0.0
www.aajkalca.com,1,1,0,0,0,0,0,0,0,0,0,0,0,0,0,0,0,0,0,0,0,0,0,0,0,1,0,1,26788,0.0,42.0
www.hindubarta.net,1,1,0,0,0,0,0,0,0,0,0,0,0,0,0,0,0,0,0,0,0,0,0,0,0,1,0,1,76707,0.0,55.43
www.moind.gov.bd,1,1,0,0,0,0,0,0,0,0,0,0,0,0,0,0,0,0,0,0,0,0,0,0,0,1,0,1,67131,0.0,128.23
amader-kotha.com,1,1,0,0,0,0,0,0,0,0,0,0,0,0,0,0,0,0,0,0,0,0,0,0,0,1,0,1,23457,0.0,11.87
bangla.bdnews24.com,10,10,0,0,0,0,0,0,0,0,0,0,0,0,0,0,0,0,0,0,0,0,0,0,0,10,0,10,2589302,0.0,2228.19
bangla.irib.ir,1,1,0,0,0,0,0,0,0,0,0,0,0,0,0,0,0,0,0,0,0,0,0,0,0,1,0,1,168342,0.0,101.04
boimela.newsnetbd.com,1,0,0,0,1,0,0,0,0,0,0,0,0,0,0,0,0,0,0,0,0,0,0,0,0,0,0,0,1123,0.0,1.05
fightcancer.milansagar.com,1,1,0,0,0,0,0,0,0,0,0,0,0,0,0,0,0,0,0,0,0,0,0,0,0,1,0,1,8474,0.0,1.7
health.amardesh.com,420,340,0,0,0,0,80,0,0,0,0,0,0,0,0,0,0,0,0,0,0,0,0,0,80,340,0,340,11796687,0.0,4146.33
ittadibd.com,0,0,0,0,0,0,0,0,0,0,0,0,0,0,0,0,0,0,0,0,0,0,0,0,0,0,0,0,0,0.0,0.0
sankarguria.blogspot.in,5,5,0,0,0,0,0,0,0,0,0,0,0,0,0,0,0,0,0,0,0,0,0,0,0,5,0,5,377137,0.0,57.37
www.bd-pratidin.com,1,0,0,0,1,0,0,0,0,0,0,0,0,0,0,0,0,0,0,0,0,0,0,0,0,0,0,0,0,0.0,0.0
www.bigganprojukti.com,1,1,0,0,0,0,0,0,0,0,0,0,0,0,0,0,0,0,0,0,0,0,0,0,0,1,0,1,246229,0.0,123.08
www.dhormockery.com,3,3,0,0,0,0,0,0,0,0,0,0,0,0,0,0,0,0,0,0,0,0,0,0,0,3,0,3,1296729,0.0,884.08
www.ngoab.gov.bd,1,1,0,0,0,0,0,0,0,0,0,0,0,0,0,0,0,0,0,0,0,0,0,0,0,1,0,1,43338,0.0,8.72
alltravelway.blogspot.in,1,1,0,0,0,0,0,0,0,0,0,0,0,0,0,0,0,0,0,0,0,0,0,0,0,1,0,1,341142,0.0,51.91
bhashaindia.com,12,12,0,0,0,0,0,0,0,0,0,0,0,0,0,0,0,0,0,0,0,0,0,0,0,12,0,12,1393646,0.0,792.68
fuji-mansur.blogspot.in,5,5,0,0,0,0,0,0,0,0,0,0,0,0,0,0,0,0,0,0,0,0,0,0,0,5,0,5,359400,0.0,190.35
madaripur-news.blogspot.in,5,5,0,0,0,0,0,0,0,0,0,0,0,0,0,0,0,0,0,0,0,0,0,0,0,5,0,5,231474,0.0,130.46
news-bangla.com,1,1,0,0,0,0,0,0,0,0,0,0,0,0,0,0,0,0,0,0,0,0,0,0,0,1,0,1,205076,0.0,125.91
nsstory-mozez.blogspot.in,14,14,0,0,0,0,0,0,0,0,0,0,0,0,0,0,0,0,0,0,0,0,0,0,0,14,0,14,4044844,0.0,798.99
pujapost09.blogspot.in,2,2,0,0,0,0,0,0,0,0,0,0,0,0,0,0,0,0,0,0,0,0,0,0,0,2,0,2,143262,0.0,103.32
reportseconomic.blogspot.in,1,1,0,0,0,0,0,0,0,0,0,0,0,0,0,0,0,0,0,0,0,0,0,0,0,1,0,1,127893,0.0,81.74
sonartoree.blogspot.in,63,62,0,1,0,0,0,0,0,0,0,0,0,0,0,0,0,0,0,0,0,0,0,0,0,62,0,62,8637686,0.0,6103.02
www.atnbangla.tv,1,0,0,1,0,0,0,0,0,0,0,0,0,0,0,0,0,0,0,0,0,0,0,0,0,0,0,0,0,0.0,0.0
www.manobkantha.com,1,1,0,0,0,0,0,0,0,0,0,0,0,0,0,0,0,0,0,0,0,0,0,0,0,1,0,1,102458,0.0,222.98
www.susastho.com,1,1,0,0,0,0,0,0,0,0,0,0,0,0,0,0,0,0,0,0,0,0,0,0,0,1,0,1,353,0.0,0.67
amarbanglarmukh.blogspot.in,1,1,0,0,0,0,0,0,0,0,0,0,0,0,0,0,0,0,0,0,0,0,0,0,0,1,0,1,181365,0.0,147.9
bengali.oneindia.com,22,21,0,0,0,0,1,0,0,0,0,0,0,0,0,0,0,0,0,0,0,0,0,0,1,21,0,21,1395734,0.0,3282.5
bn.girgit.chitthajagat.in,247,246,0,0,0,0,1,0,0,0,0,0,0,0,0,0,0,0,0,0,0,0,0,0,1,246,0,246,3323408,0.0,1665.8
dailyinqilab.com,1,0,0,0,0,1,0,0,0,0,0,0,0,0,0,0,0,0,0,0,0,0,0,0,0,0,0,0,0,0.0,0.0
karubasona4.blogspot.in,1,1,0,0,0,0,0,0,0,0,0,0,0,0,0,0,0,0,0,0,0,0,0,0,0,1,0,1,369819,0.0,2335.51
mokabbirsarkar.wordpress.com,1,0,0,0,0,0,1,0,0,0,0,0,0,0,0,0,0,0,0,0,0,0,0,0,1,0,0,0,0,0.0,0.0
www.amrabondhu.com,1,1,0,0,0,0,0,0,0,0,0,0,0,0,0,0,0,0,0,0,0,0,0,0,0,1,0,1,164553,0.0,357.7
www.bandhanhara.com,1,1,0,0,0,0,0,0,0,0,0,0,0,0,0,0,0,0,0,0,0,0,0,0,0,1,0,1,11932,0.0,6.44
www.bangla-kobita.com,1,1,0,0,0,0,0,0,0,0,0,0,0,0,0,0,0,0,0,0,0,0,0,0,0,1,0,1,30495,0.0,0.67
www.ichchhamoti.in,2,2,0,0,0,0,0,0,0,0,0,0,0,0,0,0,0,0,0,0,0,0,0,0,0,2,0,2,276063,0.0,183.56
archives.anandabazar.com,1,1,0,0,0,0,0,0,0,0,0,0,0,0,0,0,0,0,0,0,0,0,0,0,0,1,0,1,12753,0.0,7.1
bairedure.blogspot.in,9,9,0,0,0,0,0,0,0,0,0,0,0,0,0,0,0,0,0,0,0,0,0,0,0,9,0,9,1083411,0.0,2532.94
banglakobita.blogspot.in,3,3,0,0,0,0,0,0,0,0,0,0,0,0,0,0,0,0,0,0,0,0,0,0,0,3,0,3,125347,0.0,57.28
blog.biborno-akash.com,2,2,0,0,0,0,0,0,0,0,0,0,0,0,0,0,0,0,0,0,0,0,0,0,0,2,0,2,246805,0.0,175.33
bn.bdfish.org,1,1,0,0,0,0,0,0,0,0,0,0,0,0,0,0,0,0,0,0,0,0,0,0,0,1,0,1,128563,0.0,7.57
en.sachalayatan.com,14,11,0,0,0,0,3,0,0,0,0,0,0,0,0,0,0,0,0,0,0,0,0,0,3,11,0,11,586142,0.0,273.55
indranilsinha.blogspot.in,3,3,0,0,0,0,0,0,0,0,0,0,0,0,0,0,0,0,0,0,0,0,0,0,0,3,0,3,179007,0.0,117.91
ipcblogger.net,17,6,0,3,0,0,8,0,0,0,0,0,0,0,0,0,0,0,0,0,0,0,0,0,8,6,0,6,603051,0.0,939.76
nagorikblog.com,1,1,0,0,0,0,0,0,0,0,0,0,0,0,0,0,0,0,0,0,0,0,0,0,0,1,0,1,59291,0.0,55.38
www.mukhomukhi.com,1,1,0,0,0,0,0,0,0,0,0,0,0,0,0,0,0,0,0,0,0,0,0,0,0,1,0,1,29934,0.0,6.11
www.ourholyquran.com,1,1,0,0,0,0,0,0,0,0,0,0,0,0,0,0,0,0,0,0,0,0,0,0,0,1,0,1,64893,0.0,40.08
www.satkahan.9f.com,13,13,0,0,0,0,0,0,0,0,0,0,0,0,0,0,0,0,0,0,0,0,0,0,0,13,0,13,767275,0.0,522.0
www.thesundayindian.com,31,0,0,0,31,0,0,0,0,0,0,0,0,0,0,0,0,0,0,0,0,0,0,0,0,0,0,0,7440,0.0,1.4
adventurehassan.com,1,1,0,0,0,0,0,0,0,0,0,0,0,0,0,0,0,0,0,0,0,0,0,0,0,1,0,1,99278,0.0,66.25
answers.priyo.com,7,0,0,0,0,0,7,0,0,0,0,0,0,0,0,0,0,0,0,0,0,0,0,0,7,0,0,0,0,0.0,0.0
earnhelp.com,1,1,0,0,0,0,0,0,0,0,0,0,0,0,0,0,0,0,0,0,0,0,0,0,0,1,0,1,77676,0.0,15.17
islam.priyo.com,1,1,0,0,0,0,0,0,0,0,0,0,0,0,0,0,0,0,0,0,0,0,0,0,0,1,0,1,96685,0.0,105.05
mocat.portal.gov.bd,35,35,0,0,0,0,0,0,0,0,0,0,0,0,0,0,0,0,0,0,0,0,0,0,0,35,0,35,1805938,0.0,219.36
old.bbcjanala.com,1,1,0,0,0,0,0,0,0,0,0,0,0,0,0,0,0,0,0,0,0,0,0,0,0,1,0,1,18751,0.0,14.15
tech.priyo.com,5,1,0,0,0,0,4,0,0,0,0,0,0,0,0,0,0,0,0,0,0,0,0,0,4,1,0,1,97800,0.0,79.67
www.milansagar.com,213,213,0,0,0,0,0,0,0,0,0,0,0,0,0,0,0,0,0,0,0,0,0,0,0,213,0,213,7447043,0.0,4492.85
www.mole.gov.bd,1,1,0,0,0,0,0,0,0,0,0,0,0,0,0,0,0,0,0,0,0,0,0,0,0,1,0,1,54034,0.0,33.39
www.porshi.com,3,3,0,0,0,0,0,0,0,0,0,0,0,0,0,0,0,0,0,0,0,0,0,0,0,3,0,3,55383,0.0,102.88
www.prothom-alojobs.com,1,1,0,0,0,0,0,0,0,0,0,0,0,0,0,0,0,0,0,0,0,0,0,0,0,1,0,1,47723,0.0,26.17
www.wikibangla.net,1,1,0,0,0,0,0,0,0,0,0,0,0,0,0,0,0,0,0,0,0,0,0,0,0,1,0,1,273948,0.0,521.82
bangla.thereport24.com,1,1,0,0,0,0,0,0,0,0,0,0,0,0,0,0,0,0,0,0,0,0,0,0,0,1,0,1,208696,0.0,42.37
bardhaman.gov.in,52,52,0,0,0,0,0,0,0,0,0,0,0,0,0,0,0,0,0,0,0,0,0,0,0,52,0,52,3373433,0.0,632.06
bardhaman.nic.in,18,18,0,0,0,0,0,0,0,0,0,0,0,0,0,0,0,0,0,0,0,0,0,0,0,18,0,18,1090774,0.0,1184.67
bdnature.blogspot.in,8,8,0,0,0,0,0,0,0,0,0,0,0,0,0,0,0,0,0,0,0,0,0,0,0,8,0,8,738430,0.0,495.18
bhabnabhraman.blogspot.in,5,5,0,0,0,0,0,0,0,0,0,0,0,0,0,0,0,0,0,0,0,0,0,0,0,5,0,5,669607,0.0,2382.18
bhalobasibangla.wordpress.com,148,94,0,6,0,0,48,0,0,0,0,0,0,0,0,0,0,0,0,0,0,0,0,0,48,94,0,94,3194643,0.0,485.87
eisamay.indiatimes.com,280,265,0,0,0,9,6,0,0,0,0,0,0,0,0,0,0,0,6,0,0,0,0,0,0,265,0,265,30537407,0.0,11929.84
kholajanala-bb-prabandho-bhraman.blogspot.in,2,2,0,0,0,0,0,0,0,0,0,0,0,0,0,0,0,0,0,0,0,0,0,0,0,2,0,2,185552,0.0,419.1
mhfoez.blogspot.in,22,22,0,0,0,0,0,0,0,0,0,0,0,0,0,0,0,0,0,0,0,0,0,0,0,22,0,22,4278580,0.0,2739.62
mmmomyupattyaka.blogspot.in,1,1,0,0,0,0,0,0,0,0,0,0,0,0,0,0,0,0,0,0,0,0,0,0,0,1,0,1,294441,0.0,226.0
plus.google.com,7,2,0,0,0,0,5,0,0,0,0,0,0,0,0,0,0,0,0,0,0,0,0,0,5,2,0,2,677305,0.0,1204.34
saifbarkat.blogspot.in,15,15,0,0,0,0,0,0,0,0,0,0,0,0,0,0,0,0,0,0,0,0,0,0,0,15,0,15,1653952,0.0,5871.57
vromon.blogspot.in,9,9,0,0,0,0,0,0,0,0,0,0,0,0,0,0,0,0,0,0,0,0,0,0,0,9,0,9,462782,0.0,287.86
www.abnews24bd.com,1,1,0,0,0,0,0,0,0,0,0,0,0,0,0,0,0,0,0,0,0,0,0,0,0,1,0,1,148382,0.0,29.79
www.asinah.net,3,1,0,2,0,0,0,0,0,0,0,0,0,0,0,0,0,0,0,0,0,0,0,0,0,1,0,1,18203,0.0,10.1
www.bruneitravelagents.org.bn,1,1,0,0,0,0,0,0,0,0,0,0,0,0,0,0,0,0,0,0,0,0,0,0,0,1,0,1,23197,0.0,16.76
www.ebanglatravel.com,2,1,0,0,0,0,1,0,0,0,0,0,0,0,0,0,0,0,1,0,0,0,0,0,0,1,0,1,88441,0.0,64.07
www.mofa.gov.bd,1,0,0,1,0,0,0,0,0,0,0,0,0,0,0,0,0,0,0,0,0,0,0,0,0,0,0,0,0,0.0,0.0
www.rtnn.net,1,1,0,0,0,0,0,0,0,0,0,0,0,0,0,0,0,0,0,0,0,0,0,0,0,1,0,1,133862,0.0,438.23
afnaninfo.blogspot.in,46,46,0,0,0,0,0,0,0,0,0,0,0,0,0,0,0,0,0,0,0,0,0,0,0,46,0,46,6080502,0.0,4470.99
ildc.in,4,4,0,0,0,0,0,0,0,0,0,0,0,0,0,0,0,0,0,0,0,0,0,0,0,4,0,4,178586,0.0,31.43
meta.wikimedia.org,2,0,0,0,0,1,1,0,0,0,0,0,0,0,0,0,0,0,0,0,0,0,0,0,1,0,0,0,0,0.0,0.0
mycanvasworld.com,1,1,0,0,0,0,0,0,0,0,0,0,0,0,0,0,0,0,0,0,0,0,0,0,0,1,0,1,790,0.0,1.78
southasiaradioclub.webs.com,2,0,0,0,0,0,2,0,0,0,0,0,0,0,0,0,0,0,2,0,0,0,0,0,0,0,0,0,0,0.0,0.0
trekmaniac.me,3,1,0,0,0,0,2,0,0,0,0,0,0,0,0,0,0,0,0,0,0,0,0,0,2,1,0,1,50031,0.0,26.83
www.railway.gov.bd,23,23,0,0,0,0,0,0,0,0,0,0,0,0,0,0,0,0,0,0,0,0,0,0,0,23,0,23,1086510,0.0,707.46
www.samakal.net,3,3,0,0,0,0,0,0,0,0,0,0,0,0,0,0,0,0,0,0,0,0,0,0,0,3,0,3,192688,0.0,39.12
abpananda.abplive.in,7,7,0,0,0,0,0,0,0,0,0,0,0,0,0,0,0,0,0,0,0,0,0,0,0,7,0,7,1960897,0.0,1068.26
banglatips.blogspot.in,8,8,0,0,0,0,0,0,0,0,0,0,0,0,0,0,0,0,0,0,0,0,0,0,0,8,0,8,701853,0.0,141.2
bd-explorer.blogspot.in,1,1,0,0,0,0,0,0,0,0,0,0,0,0,0,0,0,0,0,0,0,0,0,0,0,1,0,1,157408,0.0,142.74
beta.somewhereinblog.net,41,0,0,0,0,0,41,0,0,0,0,0,0,0,0,0,0,0,0,0,0,0,41,0,0,0,0,0,0,0.0,0.0
edpdbd.org,17,0,0,0,0,0,17,0,0,0,0,0,0,0,0,0,0,0,0,0,0,0,0,0,17,0,0,0,0,0.0,0.0
forum.projanmo.com,4,4,0,0,0,0,0,0,0,0,0,0,0,0,0,0,0,0,0,0,0,0,0,0,0,4,0,4,286798,0.0,145.7
india4jesus.com,5,5,0,0,0,0,0,0,0,0,0,0,0,0,0,0,0,0,0,0,0,0,0,0,0,5,0,5,53987,0.0,166.93
trivuz.com,14,13,0,0,0,0,1,0,0,0,0,0,0,0,0,0,0,0,1,0,0,0,0,0,0,13,0,13,344668,0.0,3546.59
www.banglalive.com,1,0,0,0,0,1,0,0,0,0,0,0,0,0,0,0,0,0,0,0,0,0,0,0,0,0,0,0,0,0.0,0.0
www.banglanews24.com,7,7,0,0,0,0,0,0,0,0,0,0,0,0,0,0,0,0,0,0,0,0,0,0,0,7,0,7,483562,0.0,26.09
www.parabaas.com,1,1,0,0,0,0,0,0,0,0,0,0,0,0,0,0,0,0,0,0,0,0,0,0,0,1,0,1,35632,0.0,82.23
www.thebdnews.com,1,1,0,0,0,0,0,0,0,0,0,0,0,0,0,0,0,0,0,0,0,0,0,0,0,1,0,1,118084,0.0,23.33
www.uknewsbangla.com,1,0,0,0,0,0,1,0,0,0,0,0,0,0,0,0,0,0,0,0,0,0,1,0,0,0,0,0,0,0.0,0.0
addaghar.com,1,1,0,0,0,0,0,0,0,0,0,0,0,0,0,0,0,0,0,0,0,0,0,0,0,1,0,1,2145,0.0,1.09
al-ihsan.net,3,3,0,0,0,0,0,0,0,0,0,0,0,0,0,0,0,0,0,0,0,0,0,0,0,3,0,3,199408,0.0,108.32
arts.bdnews24.com,1,1,0,0,0,0,0,0,0,0,0,0,0,0,0,0,0,0,0,0,0,0,0,0,0,1,0,1,96777,0.0,18.26
banglainternet.com,4,0,0,4,0,0,0,0,0,0,0,0,0,0,0,0,0,0,0,0,0,0,0,0,0,0,0,0,0,0.0,0.0
bichitraa.blogspot.in,23,23,0,0,0,0,0,0,0,0,0,0,0,0,0,0,0,0,0,0,0,0,0,0,0,23,0,23,2141325,0.0,325.8
chorakar-abusaleh.blogspot.in,1,1,0,0,0,0,0,0,0,0,0,0,0,0,0,0,0,0,0,0,0,0,0,0,0,1,0,1,133774,0.0,109.22
dhakatouristclub.com,1,1,0,0,0,0,0,0,0,0,0,0,0,0,0,0,0,0,0,0,0,0,0,0,0,1,0,1,70017,0.0,63.49
m.somewhereinblog.net,66,63,0,3,0,0,0,0,0,0,0,0,0,0,0,0,0,0,0,0,0,0,0,0,0,63,0,63,1824004,0.0,4854.02
nirmanblog.com,2,2,0,0,0,0,0,0,0,0,0,0,0,0,0,0,0,0,0,0,0,0,0,0,0,2,0,2,122822,0.0,313.5
support.mozilla.org,1,1,0,0,0,0,0,0,0,0,0,0,0,0,0,0,0,0,0,0,0,0,0,0,0,1,0,1,37969,0.0,26.3
www.dainikdestiny.com,2,2,0,0,0,0,0,0,0,0,0,0,0,0,0,0,0,0,0,0,0,0,0,0,0,2,0,2,203139,0.0,165.69
www.dia.gov.bd,3,3,0,0,0,0,0,0,0,0,0,0,0,0,0,0,0,0,0,0,0,0,0,0,0,3,0,3,65331,0.0,46.95
www.mincom.gov.bd,1,0,0,1,0,0,0,0,0,0,0,0,0,0,0,0,0,0,0,0,0,0,0,0,0,0,0,0,0,0.0,0.0
www.priyo.com,39,13,0,0,0,0,26,0,0,0,0,0,0,0,0,0,0,0,0,0,0,0,0,0,26,13,0,13,1597039,0.0,1303.44
ganashakti.com,1,1,0,0,0,0,0,0,0,0,0,0,0,0,0,0,0,0,0,0,0,0,0,0,0,1,0,1,42801,0.0,38.6
infopedia.com.bd,735,1,0,18,0,96,620,0,0,0,0,0,0,0,0,0,0,0,0,0,0,0,0,0,620,1,0,1,89577,0.0,21.03
ishankonerkahini.blogspot.in,7,7,0,0,0,0,0,0,0,0,0,0,0,0,0,0,0,0,0,0,0,0,0,0,0,7,0,7,1239553,0.0,233.92
jokes.amardesh.com,8,8,0,0,0,0,0,0,0,0,0,0,0,0,0,0,0,0,0,0,0,0,0,0,0,8,0,8,355168,0.0,262.14
www.banglachord.com,1,1,0,0,0,0,0,0,0,0,0,0,0,0,0,0,0,0,0,0,0,0,0,0,0,1,0,1,38897,0.0,23.9
www.bangladeshpost.gov.bd,8,8,0,0,0,0,0,0,0,0,0,0,0,0,0,0,0,0,0,0,0,0,0,0,0,8,0,8,508636,0.0,265.18
www.edpdbd.org,45,26,0,0,0,0,19,0,0,0,0,0,0,0,0,0,0,0,0,0,0,0,0,0,19,26,0,26,2388620,0.0,4872.27
www.jessore.info,1,1,0,0,0,0,0,0,0,0,0,0,0,0,0,0,0,0,0,0,0,0,0,0,0,1,0,1,85631,0.0,46.91
www.khola-janala.com,9,9,0,0,0,0,0,0,0,0,0,0,0,0,0,0,0,0,0,0,0,0,0,0,0,9,0,9,144543,0.0,510.2
www.nirpata.com,1,1,0,0,0,0,0,0,0,0,0,0,0,0,0,0,0,0,0,0,0,0,0,0,0,1,0,1,353001,0.0,2185.7
www.trivuz.com,1,1,0,0,0,0,0,0,0,0,0,0,0,0,0,0,0,0,0,0,0,0,0,0,0,1,0,1,2290,0.0,1.42
